0 0.10597825937500001 0.5689538046875 0.11277174062499999 0.5400815234375 0.127717390625 0.5553668468749999 0.125 0.57574728125 0.15081521874999998 0.5672554328125 0.16168478125000002 0.541779890625 0.16983695625 0.502717390625 0.157608696875 0.4891304328125 0.141304346875 0.47894021875000004 0.12092391250000001 0.4840353234375 0.108695653125 0.49082880468749995 0.10190217500000001 0.5044157625000001 0.08423913125 0.5264945671875 0.073369565625 0.5672554328125 0.092391303125 0.587635871875 0.10597825937500001 0.5689538046875
0 0.10190217500000001 0.22418478125000002 0.125 0.2275815234375 0.137228259375 0.2156929328125 0.157608696875 0.1987092390625 0.15625 0.1698369578125 0.137228259375 0.14605978125000002 0.11956521875 0.15625 0.0978260875 0.1783288046875 0.086956521875 0.147758153125 0.078804346875 0.1732336953125 0.081521740625 0.190217390625 0.09375 0.20380434687500001 0.10190217500000001 0.22418478125000002
0 0.258152175 0.41779891406249997 0.269021740625 0.39232337031250003 0.26630434687500004 0.36175271875 0.24048913125000002 0.34137228125 0.22282608750000002 0.346467390625 0.20788043437499998 0.36005434687500004 0.20244565312499999 0.38213315312499996 0.20516304375 0.4144021765625 0.21603260937500002 0.4296875 0.23913043437499998 0.4296875 0.258152175 0.41779891406249997
0 0.00543478125 0.52719389375 0.00543478125 0.630095109375 0.021739131249999998 0.6182065234375 0.03668478125 0.6012228234375 0.032608696874999996 0.5638586953125 0.024456521875 0.5383831531250001 0.00543478125 0.52719389375
0 0.09375 0.477241846875 0.108695653125 0.463654890625 0.127717390625 0.44667119531250005 0.13858695625 0.41270380468749995 0.141304346875 0.4110054328125 0.14266304375 0.3838315234375 0.127717390625 0.356657609375 0.108695653125 0.34137228125 0.086956521875 0.39232337031250003 0.06793478124999999 0.4364809765625 0.0665760875 0.4704483703125 0.081521740625 0.477241846875 0.09375 0.477241846875
0 0.2771739125 0.4755434765625 0.2540760875 0.46875 0.23233695625 0.473845109375 0.22418478125000002 0.4925271765625 0.20788043437499998 0.506114128125 0.20380434687500001 0.5383831531250001 0.1915760875 0.55706521875 0.195652175 0.57235054375 0.211956521875 0.587635871875 0.230978259375 0.5893342374999999 0.24456521874999998 0.584239128125 0.26630434687500004 0.5655570671875 0.27581521875 0.5383831531250001 0.28125 0.509510871875 0.2771739125 0.4755434765625
0 0.047554346875 0.6844429328125 0.03668478125 0.703125 0.021739131249999998 0.71331521875 0.0271739125 0.72860054375 0.042119565625 0.7421875 0.06521739062500001 0.740489128125 0.08016304375 0.7150135859375 0.07201086875 0.6963315234375 0.047554346875 0.6844429328125
0 0.20244565312499999 0.018682067187500002 0.21739130312500002 0.015285324999999999 0.21467391249999998 0.0016983718750000001 0.14538043437499998 0.0033967390625 0.15625 0.023777175 0.175271740625 0.050951085937499994 0.19293478125000002 0.030570651562500002 0.20244565312499999 0.018682067187500002
0 0.77581521875 0.6165081531250001 0.75543478125 0.591032609375 0.7309782593749999 0.580842390625 0.69701086875 0.587635871875 0.694293478125 0.61141304375 0.695652175 0.6334918468749999 0.6997282593749999 0.6453804328125 0.717391303125 0.6674592374999999 0.7350543468749999 0.6793478234375 0.760869565625 0.67425271875 0.77581521875 0.6521739140625 0.77581521875 0.6165081531250001
0 0.5788043468749999 0.3091032625 0.585597825 0.3192934765625 0.591032609375 0.32438858593750003 0.5978260875 0.331182065625 0.6059782593749999 0.331182065625 0.614130434375 0.331182065625 0.627717390625 0.3294836953125 0.635869565625 0.3192934765625 0.635869565625 0.30061141406249997 0.631793478125 0.28192934687500004 0.63043478125 0.25985054375 0.6100543468749999 0.24626358593750003 0.6100543468749999 0.24456521874999998 0.59375 0.254755434375 0.582880434375 0.26154891406249997 0.5815217406250001 0.2734375 0.58016304375 0.28532608593750003 0.5788043468749999 0.2955163046875 0.5788043468749999 0.3091032625
0 0.453804346875 0.36514945625 0.470108696875 0.3481657625 0.47690217500000004 0.32099184687500004 0.47418478124999996 0.288722825 0.467391303125 0.26324728125 0.444293478125 0.24796195625 0.43206521875000004 0.254755434375 0.41983695625 0.27513587031250003 0.41576086874999996 0.30061141406249997 0.421195653125 0.32438858593750003 0.434782609375 0.34986412968749997 0.453804346875 0.36514945625
0 0.44701086874999996 0.20040760937500002 0.461956521875 0.1783288046875 0.467391303125 0.1426630421875 0.452445653125 0.1205842390625 0.426630434375 0.1205842390625 0.4103260875 0.1171875 0.38858695625 0.1392663046875 0.39266304375 0.1392663046875 0.399456521875 0.180027175 0.407608696875 0.2156929328125 0.4334239125 0.2122961953125 0.44701086874999996 0.20040760937500002
0 0.3478260875 0.53668478125 0.362771740625 0.51800271875 0.3709239125 0.47894021875000004 0.36141304375 0.45855978124999996 0.346467390625 0.44667119531250005 0.320652175 0.44327445625 0.3084239125 0.463654890625 0.309782609375 0.5197010859375 0.32744565312499996 0.548573371875 0.3478260875 0.53668478125
0 0.168478259375 0.32438858593750003 0.17663043437499998 0.28532608593750003 0.16576086875 0.2734375 0.164402175 0.30061141406249997 0.14538043437499998 0.28532608593750003 0.13043478125000002 0.26324728125 0.108695653125 0.253057065625 0.10597825937500001 0.268342390625 0.11141304375000001 0.297214675 0.125 0.3192934765625 0.14538043437499998 0.32608695625 0.168478259375 0.32438858593750003
0 0.158967390625 0.424592390625 0.16983695625 0.44157608593750003 0.180706521875 0.43308423749999997 0.190217390625 0.424592390625 0.19836956562500002 0.41270380468749995 0.1875 0.39911684687500004 0.179347825 0.385529890625 0.1875 0.36345108593750003 0.175271740625 0.34137228125 0.16711956562500002 0.3447690234375 0.148097825 0.34986412968749997 0.14538043437499998 0.36514945625 0.15625 0.3872282625 0.15625 0.40081521875000004 0.158967390625 0.424592390625
0 0.0502717390625 0 0.059782609375 0.018682065625 0.08016304375 0.025475543750000003 0.1032608703125 0.032269021875 0.12092391250000001 0.0237771734375 0.1345108703125 0.0101902171875 0.13315217343750002 0 0.0502717390625 0
0 0.3790760875 0.108695653125 0.403532609375 0.10020380468750001 0.41576086874999996 0.08322010937499999 0.42391304375 0.0713315234375 0.4103260875 0.0424592390625 0.40625 0.020380432812499998 0.38994565312499996 0.01358695625 0.3790760875 0.01019021875 0.366847825 0.0322690234375 0.362771740625 0.061141304687499995 0.36141304375 0.0917119578125 0.3790760875 0.108695653125
0 0.42798913125000004 0.0662364140625 0.4375 0.06793478124999999 0.448369565625 0.0628396765625 0.461956521875 0.0526494578125 0.4646739125 0.0475543484375 0.47418478124999996 0.0322690234375 0.47690217500000004 0.0118885859375 0.467391303125 0.0016983718750000001 0.45108695625 0.005095109375 0.42798913125000004 0.0033967390625 0.4103260875 0.0118885859375 0.41168478124999996 0.0271739140625 0.41847825937499994 0.0407608703125 0.42527174062500006 0.0594429328125 0.42798913125000004 0.0662364140625
0 0.6086956531250001 0.1307744578125 0.61141304375 0.1103940234375 0.618206521875 0.08322010937499999 0.6209239125 0.0645380421875 0.6086956531250001 0.0543478234375 0.585597825 0.0458559765625 0.585597825 0.0594429328125 0.57201086875 0.069633153125 0.561141303125 0.0764266296875 0.55298913125 0.0951086953125 0.5475543468749999 0.108695653125 0.54891304375 0.1307744578125 0.559782609375 0.1426630421875 0.5788043468749999 0.1443614140625 0.591032609375 0.164741846875 0.60326086875 0.164741846875 0.6086956531250001 0.1426630421875 0.6086956531250001 0.1307744578125
0 0.57608695625 0.9222146765625 0.58016304375 0.8926630421875 0.586956521875 0.8671875 0.58016304375 0.829823371875 0.5665760875 0.8315217390624999 0.55706521875 0.8417119578125 0.5461956531250001 0.865489128125 0.54483695625 0.8892663046875 0.5353260875 0.90625 0.53125 0.914741846875 0.52581521875 0.9215353234375 0.52173913125 0.9425951093749999 0.5163043468749999 0.9731657609375001 0.54076086875 0.9714673906250001 0.5665760875 0.9544836953125 0.57608695625 0.9222146765625
0 0.5625 0.41202445625 0.559782609375 0.38824728125 0.55298913125 0.3627717375 0.53668478125 0.3525815234375 0.524456521875 0.364470109375 0.497282609375 0.364470109375 0.497282609375 0.38654891406249997 0.497282609375 0.4001358703125 0.5040760875 0.4188179328125 0.520380434375 0.4391983703125 0.54891304375 0.45108695625 0.5625 0.43410326250000003 0.5625 0.41202445625
0 0.657608696875 0.515625 0.66983695625 0.5275135859375 0.6725543468749999 0.54449728125 0.694293478125 0.5461956531250001 0.716032609375 0.5461956531250001 0.716032609375 0.5309103234375 0.70923913125 0.49864130468749995 0.711956521875 0.481657609375 0.70108695625 0.4612771765625 0.684782609375 0.4612771765625 0.6725543468749999 0.4765625 0.653532609375 0.4765625 0.64266304375 0.485054346875 0.64673913125 0.5037364140625 0.657608696875 0.515625
0 0.774456521875 0.4391983703125 0.78125 0.4561820671875 0.80298913125 0.4612771765625 0.82608695625 0.45957880468749995 0.8410326093749999 0.45108695625 0.8464673906250001 0.432404890625 0.84918478125 0.41032608593750003 0.84918478125 0.4001358703125 0.8423913031250001 0.38994565312499996 0.83423913125 0.3814538046875 0.824728259375 0.3763586953125 0.8084239125 0.383152175 0.7975543468749999 0.393342390625 0.78668478125 0.3984375 0.7771739125 0.4171195671875 0.774456521875 0.4391983703125
0 0.71331521875 0.8111413046875 0.70516304375 0.8060461953125 0.6875 0.8026494578125 0.66576086875 0.8060461953125 0.6440217406250001 0.826426628125 0.635869565625 0.8400135859375 0.635869565625 0.865489128125 0.65081521875 0.87737771875 0.6834239125 0.8909646765625 0.698369565625 0.87737771875 0.70108695625 0.868885871875 0.71331521875 0.8671875 0.7146739125 0.8552989140625 0.7146739125 0.8434103234375 0.71331521875 0.819633153125 0.71331521875 0.8111413046875
0 0.7377717406250001 0.8559782609375001 0.741847825 0.8729619578125 0.7459239125 0.8780570671874999 0.752717390625 0.8848505421875 0.770380434375 0.8984375 0.7853260875 0.9052309765625 0.800271740625 0.9035326093749999 0.8152173906250001 0.889945653125 0.8165760875 0.8712635859375 0.8138586968749999 0.850883153125 0.8138586968749999 0.8338994578125 0.8125 0.8152173906250001 0.78668478125 0.8203125 0.76358695625 0.818614128125 0.756793478125 0.8254076093749999 0.7459239125 0.8440896765625 0.7377717406250001 0.8559782609375001
0 0.892578125 0.531005859375 0.888671875 0.606689453125 0.916015625 0.614013671875 0.951171875 0.567626953125 0.951171875 0.538330078125 0.9345703125 0.52001953125 0.892578125 0.531005859375
0 0.7377717406250001 0.34137228125 0.752717390625 0.34137228125 0.758152175 0.3481657625 0.75951086875 0.36005434687500004 0.7622282593749999 0.36175271875 0.774456521875 0.37703804375 0.800271740625 0.3872282625 0.82201086875 0.3736413046875 0.827445653125 0.3481657625 0.828804346875 0.3091032625 0.82608695625 0.307404890625 0.8084239125 0.307404890625 0.789402175 0.28192934687500004 0.78125 0.297214675 0.76766304375 0.28362771875 0.7690217406250001 0.268342390625 0.752717390625 0.23947010937500002 0.752717390625 0.258152175 0.739130434375 0.28532608593750003 0.7350543468749999 0.327785325 0.7377717406250001 0.34137228125
0 0.48641304375 0.993885871875 0.493206521875 0.98199728125 0.493206521875 0.9650135859375 0.48641304375 0.9463315234375 0.4646739125 0.954823371875 0.453804346875 0.961616846875 0.44972825937499994 0.9769021765625 0.44293478124999996 0.98199728125 0.436141303125 0.9972826093749999 0.457880434375 0.9989809765625 0.47690217500000004 0.9989809765625 0.48641304375 0.993885871875
0 0.9619565218749999 0.5438179328125 0.9755434781250001 0.5557065234375 0.980978259375 0.5387228234375 0.989130434375 0.525135871875 0.991847825 0.49626358593750003 0.991847825 0.4860733703125 0.991847825 0.484375 0.991847825 0.4775815234375 0.97826086875 0.4775815234375 0.96331521875 0.48777173749999997 0.957880434375 0.5081521765625 0.953804346875 0.521739128125 0.953804346875 0.5319293468749999 0.9619565218749999 0.5438179328125
0 0.980978259375 0.6796875 0.991847825 0.6915760859375 0.9986413031250001 0.6881793468749999 0.9972826093749999 0.603260871875 0.989130434375 0.61514945625 0.979619565625 0.638926628125 0.9728260875 0.6711956531250001 0.980978259375 0.6796875
0 0.85733695625 0.9718070671874999 0.85733695625 0.9786005421875 0.855978259375 0.9989809765625 0.91168478125 0.9972826093749999 0.91168478125 0.990489128125 0.91983695625 0.98199728125 0.9307065218749999 0.9802989140625 0.9361413031250001 0.9972826093749999 0.98641304375 1 0.979619565625 0.98199728125 0.9660326093749999 0.9599184765625 0.979619565625 0.951426628125 0.96331521875 0.9463315234375 0.948369565625 0.94293478125 0.93206521875 0.9361413046875 0.9130434781250001 0.9344429328125001 0.899283071875 0.93198571875 0.895380434375 0.9378396765625 0.8777173906250001 0.9412364140625 0.8682065218749999 0.9463315234375 0.864130434375 0.9565217390624999 0.860054346875 0.96331521875 0.85733695625 0.9718070671874999
0 0.269021740625 0.74762228125 0.292119565625 0.74762228125 0.293478259375 0.7357336953125 0.293478259375 0.723845109375 0.293478259375 0.713654890625 0.293478259375 0.70516304375 0.33423913125000004 0.717051628125 0.345108696875 0.70855978125 0.269021740625 0.68987771875 0.25 0.7119565234375 0.24592391249999998 0.7306385859375 0.25 0.7459239140625 0.269021740625 0.74762228125
0 0.335597825 0.6559103234375 0.32608695625 0.638926628125 0.289402175 0.6491168468749999 0.2771739125 0.6491168468749999 0.269021740625 0.66949728125 0.342391303125 0.6864809765625 0.346467390625 0.6762907625000001 0.335597825 0.6559103234375
0 0.24456521874999998 0.94293478125 0.24184782500000002 0.96331521875 0.22010869687499998 0.96331521875 0.22010869687499998 0.9752038046875 0.22282608750000002 0.9921875 0.256793478125 0.9921875 0.273097825 0.98199728125 0.273097825 0.9395380421875 0.27173913125000004 0.9191576093749999 0.24456521874999998 0.9106657609375001 0.24592391249999998 0.9089673906250001 0.22418478125000002 0.9276494578125 0.24456521874999998 0.94293478125
0 0.417119565625 0.674592390625 0.421195653125 0.6881793468749999 0.4334239125 0.7000679328125 0.46875 0.6762907625000001 0.47418478124999996 0.6372282625000001 0.47690217500000004 0.6100543468749999 0.48777174062500006 0.5862771765625 0.47826086874999996 0.5658967374999999 0.461956521875 0.5811820671875 0.436141303125 0.6100543468749999 0.421195653125 0.6253396765625 0.417119565625 0.674592390625
0 0.345108696875 0.33831521875 0.33423913125000004 0.348505434375 0.33423913125000004 0.3502038046875 0.332880434375 0.3502038046875 0.3165760875 0.3502038046875 0.3125 0.35529891406249997 0.3125 0.38077445625 0.309782609375 0.39775815312499996 0.315217390625 0.41983695625 0.3396739125 0.43172554375 0.354619565625 0.43172554375 0.35733695625 0.43172554375 0.376358696875 0.41813858593750003 0.387228259375 0.41813858593750003 0.394021740625 0.39266304375 0.394021740625 0.40964673749999997 0.41847825937499994 0.4215353234375 0.41983695625 0.39775815312499996 0.42391304375 0.3671875 0.42391304375 0.3502038046875 0.41168478124999996 0.328125 0.408967390625 0.31963315312499996 0.395380434375 0.31963315312499996 0.35869565312499996 0.333220109375 0.354619565625 0.3349184765625 0.345108696875 0.33831521875
0 0.36141304375 0.74762228125 0.30706521875 0.74422554375 0.28668478125 0.76800271875 0.3084239125 0.7612092374999999 0.305706521875 0.7730978234375 0.311141303125 0.8002717390624999 0.32744565312499996 0.80706521875 0.36956521875 0.805366846875 0.36141304375 0.74762228125
0 0.5353260875 0 0.542119565625 0.020720109375 0.559782609375 0.020720109375 0.5665760875 0 0.5366847828125 0 0.5353260875 0
0 0.680706521875 0.0190217390625 0.6834239125 0.008831523437499999 0.5896739125 0.0020380421875 0.601902175 0.0343070671875 0.627717390625 0.037703804687499995 0.657608696875 0.0360054328125 0.680706521875 0.0190217390625