0 0.8046875 0.9599609375 0.822265625 0.9306640625 0.7939453125 0.912109375 0.775390625 0.9404296875 0.8046875 0.9599609375
0 0.025390625 0.9443359375 0.0009765625 0.91796875 0.009765625 0.9736328125 0.025390625 0.9443359375
0 0.892578125 0.0615234375 0.900390625 0.0380859375 0.8759765625 0.029296875 0.8671875 0.0498046875 0.892578125 0.0615234375
0 0.708984375 0.0830078125 0.71484375 0.0556640625 0.6962890625 0.0390625 0.6875 0.0693359375 0.708984375 0.0830078125
0 0.53125 0.0849609375 0.55078125 0.0751953125 0.5439453125 0.052734375 0.51171875 0.0634765625 0.53125 0.0849609375
0 0.505859375 0.0498046875 0.517578125 0.0400390625 0.5068359375 0.01953125 0.470703125 0.0361328125 0.505859375 0.0498046875
0 0.611328125 0.0283203125 0.6181640625 0 0.576171875 0.0009765625 0.5888671875 0.02734375 0.611328125 0.0283203125
0 0.830078125 0.1279296875 0.83984375 0.0947265625 0.8154296875 0.080078125 0.8046875 0.1181640625 0.830078125 0.1279296875
0 0.099609375 0.4697265625 0.109375 0.4287109375 0.0849609375 0.419921875 0.07421875 0.4541015625 0.099609375 0.4697265625
0 0.078125 0.3095703125 0.109375 0.3193359375 0.126953125 0.3115234375 0.125 0.2939453125 0.0830078125 0.2890625 0.078125 0.3095703125
0 0 0.1201171875 0.025390625 0.1298828125 0.046875 0.1201171875 0.0380859375 0.091796875 0.00390625 0.1064453125 0 0.1201171875
0 1 0.4931640625 0.9990234375 0.455078125 0.95703125 0.4580078125 0.9716796875 0.484375 1 0.4931640625
0 0.240234375 0.0419921875 0.2451171875 0.05859375 0.259765625 0.0576171875 0.275390625 0.0244140625 0.2666015625 0.0078125 0.25 0.0126953125 0.240234375 0.0419921875
0 0.0517578125 0.15625 0.0703125 0.1591796875 0.09375 0.1513671875 0.0869140625 0.12109375 0.046875 0.1376953125 0.0517578125 0.15625
0 0.00390625 0.2802734375 0.03125 0.2607421875 0.0224609375 0.224609375 0 0.2275390625 0.00390625 0.2802734375
0 0.1435546875 0.10546875 0.162109375 0.1064453125 0.18359375 0.0810546875 0.1728515625 0.0625 0.13671875 0.0830078125 0.1435546875 0.10546875
0 0.2255859375 0.15625 0.251953125 0.1552734375 0.267578125 0.1416015625 0.2607421875 0.119140625 0.21875 0.1318359375 0.2255859375 0.15625
0 0.123046875 0.4130859375 0.1328125 0.3837890625 0.0947265625 0.36328125 0.0859375 0.3916015625 0.123046875 0.4130859375
0 0.580078125 0.4052734375 0.607421875 0.4306640625 0.62890625 0.4150390625 0.6240234375 0.390625 0.5966796875 0.388671875 0.580078125 0.4052734375
0 0.5703125 0.4951171875 0.576171875 0.4560546875 0.5341796875 0.435546875 0.53515625 0.4619140625 0.5703125 0.4951171875
0 0.533203125 0.5439453125 0.546875 0.5107421875 0.5029296875 0.505859375 0.5 0.5400390625 0.533203125 0.5439453125
0 0.4375 0.4951171875 0.46875 0.5009765625 0.484375 0.4892578125 0.482421875 0.4677734375 0.4404296875 0.46484375 0.4375 0.4951171875
0 0.4404296875 0.662109375 0.45703125 0.6630859375 0.478515625 0.6376953125 0.4677734375 0.603515625 0.435546875 0.6435546875 0.4404296875 0.662109375
0 0.279296875 0.0595703125 0.30078125 0.0810546875 0.3203125 0.0458984375 0.3115234375 0.021484375 0.2890625 0.0302734375 0.279296875 0.0595703125
0 0.65625 0.0830078125 0.66015625 0.0400390625 0.6123046875 0.03515625 0.62890625 0.0712890625 0.65625 0.0830078125
0 0.75390625 0.0986328125 0.76953125 0.0517578125 0.7412109375 0.033203125 0.728515625 0.0849609375 0.75390625 0.0986328125
0 0.255859375 0.1064453125 0.29296875 0.1298828125 0.30859375 0.1201171875 0.306640625 0.1005859375 0.2646484375 0.078125 0.255859375 0.1064453125
0 0.8076171875 0.40234375 0.849609375 0.4091796875 0.865234375 0.3916015625 0.8564453125 0.3671875 0.806640625 0.3798828125 0.8076171875 0.40234375
0 0 0.6044921875 0.029296875 0.6083984375 0.046875 0.5947265625 0.04296875 0.5693359375 0.0009765625 0.560546875 0 0.6044921875
0 0.390625 0.1298828125 0.416015625 0.1376953125 0.4453125 0.1142578125 0.4326171875 0.08984375 0.390625 0.0986328125 0.390625 0.1298828125
0 0.65234375 0.4736328125 0.65625 0.4970703125 0.69140625 0.5048828125 0.70703125 0.4892578125 0.703125 0.4658203125 0.6669921875 0.458984375 0.65234375 0.4736328125
0 0.5 0.6376953125 0.5234375 0.6396484375 0.544921875 0.5810546875 0.5263671875 0.560546875 0.5 0.6123046875 0.5 0.6376953125
0 0.5390625 0.3623046875 0.578125 0.3662109375 0.61328125 0.3544921875 0.6083984375 0.326171875 0.546875 0.3330078125 0.5390625 0.3623046875
0 0.7041015625 0.169921875 0.685546875 0.1748046875 0.6962890625 0.2109375 0.765625 0.2294921875 0.7734375 0.2158203125 0.7587890625 0.185546875 0.7236328125 0.193359375 0.7041015625 0.169921875
0 0.916015625 0.3505859375 0.921875 0.3818359375 0.95703125 0.4033203125 0.978515625 0.3740234375 0.962890625 0.3369140625 0.9345703125 0.330078125 0.916015625 0.3505859375
0 0 0.4697265625 0.021484375 0.4755859375 0.0400390625 0.51953125 0.060546875 0.5205078125 0.048828125 0.4072265625 0.0166015625 0.396484375 0 0.4091796875 0 0.4697265625
0 0.2470703125 0.1875 0.2060546875 0.173828125 0.19140625 0.1884765625 0.2080078125 0.22265625 0.2744140625 0.21875 0.30078125 0.2353515625 0.3203125 0.2158203125 0.2978515625 0.15234375 0.2744140625 0.15234375 0.2470703125 0.1875
0 0.0048828125 0 0 0.2705078125 0.01953125 0.2685546875 0 0.2744140625 0 0.4130859375 0.0166015625 0.3984375 0.046875 0.4091796875 0.0625 0.5146484375 0.033203125 0.5126953125 0.03515625 0.4736328125 0.0068359375 0.4375 0 0.5693359375 0.0166015625 0.5625 0.0341796875 0.5859375 0.0302734375 0.564453125 0.04296875 0.5966796875 0 0.6005859375 0 0.9150390625 0.0234375 0.9462890625 0 0.9990234375 1 0.9990234375 1 0.4931640625 0.95703125 0.4677734375 0.9736328125 0.451171875 0.9697265625 0.4609375 1 0.4580078125 1 0.0029296875 0.6220703125 0 0.62109375 0.0205078125 0.5966796875 0.029296875 0.5732421875 0 0.0048828125 0