0 0.5419921875 0.501953125 0.517578125 0.5205078125 0.517578125 0.5673828125 0.556640625 0.5771484375 0.591796875 0.5556640625 0.603515625 0.5166015625 0.5908203125 0.5 0.5419921875 0.501953125
0 0.515625 0.5302734375 0.521484375 0.5673828125 0.5546875 0.5751953125 0.59765625 0.5341796875 0.5908203125 0.5 0.5439453125 0.50390625 0.515625 0.5302734375
0 0.7509765625 0.029296875 0.77734375 0.0322265625 0.80078125 0.0244140625 0.8056640625 0 0.734375 0.0009765625 0.7509765625 0.029296875
0 0.8232421875 0.078125 0.796875 0.0791015625 0.7998046875 0.109375 0.841796875 0.1220703125 0.861328125 0.1044921875 0.8623046875 0.078125 0.8310546875 0.09375 0.8232421875 0.078125
0 0.822265625 0.9990234375 0.7919921875 0.953125 0.734375 0.9873046875 0.7353515625 1 0.822265625 0.9990234375
0 0.720703125 0.7607421875 0.76171875 0.7763671875 0.779296875 0.7529296875 0.76953125 0.7216796875 0.7275390625 0.71484375 0.720703125 0.7607421875
0 0.583984375 0.9990234375 0.5576171875 0.953125 0.501953125 0.9736328125 0.5048828125 1 0.583984375 0.9990234375
0 0.75 0.4111328125 0.75 0.4345703125 0.779296875 0.4501953125 0.810546875 0.4326171875 0.8076171875 0.390625 0.7705078125 0.390625 0.75 0.4111328125
0 0.9228515625 0.25 0.96484375 0.2490234375 0.98046875 0.2041015625 0.9384765625 0.181640625 0.90625 0.2314453125 0.9228515625 0.25
0 0.4306640625 0.02734375 0.419921875 0.0478515625 0.4404296875 0.03515625 0.462890625 0.0615234375 0.4404296875 0.0859375 0.4208984375 0.076171875 0.419921875 0.1044921875 0.4306640625 0.123046875 0.451171875 0.1240234375 0.47265625 0.1064453125 0.484375 0.0576171875 0.4560546875 0.029296875 0.4306640625 0.02734375
0 0.904296875 0.8935546875 0.90234375 0.9228515625 0.9228515625 0.94921875 0.951171875 0.9541015625 0.96875 0.9404296875 0.96875 0.9091796875 0.9326171875 0.876953125 0.904296875 0.8935546875
0 0.384765625 0.2470703125 0.376953125 0.2783203125 0.419921875 0.3076171875 0.453125 0.2822265625 0.439453125 0.2373046875 0.4111328125 0.228515625 0.384765625 0.2470703125
0 0.193359375 0.1689453125 0.19140625 0.1923828125 0.2099609375 0.216796875 0.23828125 0.2216796875 0.265625 0.1806640625 0.2578125 0.1552734375 0.2294921875 0.14453125 0.193359375 0.1689453125
0 0.0009765625 0.595703125 0 0.6962890625 0.013671875 0.6962890625 0.044921875 0.6806640625 0.05859375 0.6357421875 0.0302734375 0.599609375 0.0009765625 0.595703125
0 0.0810546875 0.16015625 0.0478515625 0.162109375 0.029296875 0.1826171875 0.037109375 0.2158203125 0.06640625 0.2333984375 0.1044921875 0.21875 0.115234375 0.1982421875 0.107421875 0.1748046875 0.0810546875 0.16015625
0 0.130859375 0.1220703125 0.1591796875 0.15234375 0.189453125 0.1533203125 0.22265625 0.1044921875 0.2080078125 0.080078125 0.1748046875 0.07421875 0.130859375 0.1220703125
0 0.880859375 0.0810546875 0.8671875 0.1240234375 0.8798828125 0.146484375 0.91015625 0.1552734375 0.9375 0.1376953125 0.9453125 0.1064453125 0.9052734375 0.06640625 0.880859375 0.0810546875
0 0.1533203125 0.2578125 0.1328125 0.2783203125 0.130859375 0.3115234375 0.1572265625 0.341796875 0.18359375 0.3427734375 0.203125 0.3232421875 0.201171875 0.2763671875 0.1806640625 0.2578125 0.1533203125 0.2578125
0 0.5166015625 0.25390625 0.486328125 0.2763671875 0.482421875 0.3115234375 0.5029296875 0.34375 0.52734375 0.3447265625 0.55859375 0.3232421875 0.560546875 0.2880859375 0.5498046875 0.265625 0.5166015625 0.25390625
0 0.4619140625 0.359375 0.443359375 0.4033203125 0.4697265625 0.435546875 0.498046875 0.4404296875 0.53125 0.4208984375 0.53125 0.3818359375 0.5087890625 0.359375 0.4619140625 0.359375
0 0.3056640625 0.3515625 0.2890625 0.3857421875 0.296875 0.4150390625 0.337890625 0.4345703125 0.388671875 0.4013671875 0.376953125 0.3623046875 0.3447265625 0.34375 0.3056640625 0.3515625
0 1 0.7978515625 0.9736328125 0.787109375 0.9111328125 0.796875 0.908203125 0.8466796875 0.9384765625 0.869140625 0.982421875 0.8720703125 1 0.8701171875 1 0.7978515625
0 0.025390625 0.4697265625 0.009765625 0.5107421875 0.0341796875 0.552734375 0.080078125 0.5576171875 0.103515625 0.5419921875 0.109375 0.5048828125 0.0537109375 0.447265625 0.025390625 0.4697265625
0 1 0.3681640625 0.9501953125 0.328125 0.9033203125 0.330078125 0.892578125 0.3759765625 0.908203125 0.4033203125 0.9404296875 0.435546875 0.984375 0.4443359375 1 0.4384765625 1 0.3681640625
0 0.6337890625 0.25 0.59375 0.2783203125 0.58203125 0.3232421875 0.6044921875 0.357421875 0.646484375 0.3642578125 0.6875 0.3388671875 0.697265625 0.3076171875 0.6787109375 0.263671875 0.6337890625 0.25
0 0.2412109375 0.5 0.19140625 0.5439453125 0.189453125 0.5888671875 0.2236328125 0.619140625 0.25390625 0.6220703125 0.294921875 0.5947265625 0.298828125 0.5478515625 0.2646484375 0.501953125 0.2412109375 0.5
0 0.916015625 0.6240234375 0.90625 0.5791015625 0.8681640625 0.56640625 0.8408203125 0.587890625 0.8076171875 0.5703125 0.7705078125 0.572265625 0.751953125 0.5888671875 0.75 0.6318359375 0.796875 0.6513671875 0.8349609375 0.626953125 0.8701171875 0.650390625 0.9052734375 0.640625 0.916015625 0.6240234375
0 0.6533203125 0.6328125 0.6259765625 0.59375 0.5849609375 0.59375 0.568359375 0.6103515625 0.564453125 0.6416015625 0.5810546875 0.66796875 0.6220703125 0.671875 0.6474609375 0.64453125 0.65625 0.6865234375 0.697265625 0.7001953125 0.732421875 0.6806640625 0.7314453125 0.609375 0.7001953125 0.599609375 0.6533203125 0.6328125
0 0.673828125 0.8330078125 0.681640625 0.9013671875 0.732421875 0.9189453125 0.80859375 0.8369140625 0.7900390625 0.783203125 0.7412109375 0.78125 0.673828125 0.8330078125
0 0.6279296875 0.904296875 0.654296875 0.8623046875 0.6025390625 0.8203125 0.5693359375 0.828125 0.5478515625 0.859375 0.5087890625 0.837890625 0.4853515625 0.841796875 0.455078125 0.8935546875 0.4853515625 0.92578125 0.509765625 0.9267578125 0.54296875 0.9072265625 0.5498046875 0.8828125 0.5791015625 0.90625 0.6279296875 0.904296875
0 0.65625 0.7197265625 0.6181640625 0.6875 0.5634765625 0.701171875 0.5380859375 0.673828125 0.5126953125 0.673828125 0.474609375 0.7060546875 0.46875 0.7392578125 0.51953125 0.7802734375 0.5595703125 0.75390625 0.6220703125 0.775390625 0.654296875 0.7490234375 0.65625 0.7197265625
0 0.3662109375 0.119140625 0.3310546875 0.12890625 0.318359375 0.0986328125 0.2919921875 0.083984375 0.2578125 0.1064453125 0.255859375 0.1337890625 0.2744140625 0.158203125 0.3125 0.1552734375 0.28515625 0.2314453125 0.3056640625 0.26171875 0.32421875 0.2646484375 0.3486328125 0.216796875 0.40234375 0.1884765625 0.40625 0.1552734375 0.3662109375 0.119140625
0 0.744140625 0.1689453125 0.765625 0.1357421875 0.765625 0.0986328125 0.7392578125 0.078125 0.6982421875 0.080078125 0.673828125 0.1083984375 0.671875 0.1513671875 0.6923828125 0.171875 0.73046875 0.1748046875 0.703125 0.2041015625 0.705078125 0.2470703125 0.7255859375 0.263671875 0.767578125 0.2646484375 0.794921875 0.2451171875 0.798828125 0.1904296875 0.7861328125 0.173828125 0.744140625 0.1689453125
0 0.6396484375 0.23046875 0.65625 0.2138671875 0.65625 0.1728515625 0.6240234375 0.142578125 0.5791015625 0.1484375 0.5634765625 0.109375 0.4775390625 0.109375 0.47265625 0.1376953125 0.505859375 0.1708984375 0.470703125 0.1943359375 0.470703125 0.2275390625 0.533203125 0.2451171875 0.5625 0.2314453125 0.5673828125 0.19921875 0.6025390625 0.234375 0.6396484375 0.23046875
0 0.9970703125 0.57421875 0.9326171875 0.595703125 0.919921875 0.6552734375 0.8818359375 0.6875 0.8271484375 0.6640625 0.783203125 0.6904296875 0.8203125 0.7783203125 0.869140625 0.7998046875 0.8974609375 0.759765625 0.9521484375 0.751953125 1 0.6943359375 0.9970703125 0.57421875
0 0.7353515625 1 0.7783203125 0.9609375 0.7783203125 0.9921875 0.7978515625 0.96875 0.8212890625 1 1 0.9990234375 0.9990234375 0 0 0.0009765625 0.0009765625 1 0.7353515625 1
0 0.564453125 0.0009765625 0.49609375 0.0009765625 0.5390625 0.0185546875 0.564453125 0.0009765625