0 0.6279296875 0.82275390625 0.6435546875 0.85205078125 0.6689453125 0.849609375 0.71484375 0.765380859375 0.703125 0.716552734375 0.6787109375 0.70068359375 0.640625 0.714111328125 0.6318359375 0.79833984375 0.6015625 0.750732421875 0.59375 0.684814453125 0.607421875 0.633544921875 0.5703125 0.594482421875 0.578125 0.548095703125 0.607421875 0.528564453125 0.611328125 0.504150390625 0.6015625 0.472412109375 0.5673828125 0.43701171875 0.5517578125 0.439453125 0.533203125 0.469970703125 0.517578125 0.560302734375 0.484375 0.592041015625 0.478515625 0.640869140625 0.45703125 0.679931640625 0.4306640625 0.64453125 0.3994140625 0.64453125 0.369140625 0.694580078125 0.3935546875 0.751953125 0.4326171875 0.7421875 0.4541015625 0.70556640625 0.4873046875 0.74462890625 0.548828125 0.726318359375 0.5390625 0.760498046875 0.55078125 0.809326171875 0.5078125 0.904541015625 0.5185546875 0.9326171875 0.54296875 0.936279296875 0.5556640625 0.92041015625 0.578125 0.926513671875 0.595703125 0.850830078125 0.6279296875 0.82275390625
0 0.482421875 0.433349609375 0.4619140625 0.41259765625 0.4169921875 0.41259765625 0.404296875 0.430908203125 0.40625 0.501708984375 0.392578125 0.562744140625 0.419921875 0.584716796875 0.453125 0.560302734375 0.455078125 0.509033203125 0.482421875 0.452880859375 0.482421875 0.433349609375
0 0.4580078125 0.4150390625 0.4228515625 0.41259765625 0.404296875 0.433349609375 0.408203125 0.499267578125 0.39453125 0.557861328125 0.4091796875 0.5810546875 0.42578125 0.579833984375 0.44921875 0.560302734375 0.453125 0.504150390625 0.48046875 0.443115234375 0.4580078125 0.4150390625
0 0.0791015625 0 0.001953125 0.003662109375 0.07421875 0.045166015625 0.0791015625 0
0 1 0.152587890625 0.9990234375 0.029296875 0.966796875 0.118408203125 0.9853515625 0.1513671875 1 0.152587890625
0 0.900390625 0.152587890625 0.9150390625 0.1708984375 0.94921875 0.172119140625 0.94921875 0.098876953125 0.9072265625 0.087890625 0.892578125 0.113525390625 0.900390625 0.152587890625
0 0.94921875 0.372314453125 0.953125 0.408935546875 0.982421875 0.423583984375 1 0.413818359375 0.9990234375 0.30029296875 0.97265625 0.321044921875 0.94921875 0.372314453125
0 0.708984375 0.277099609375 0.712890625 0.303955078125 0.76171875 0.345458984375 0.7890625 0.303955078125 0.779296875 0.264892578125 0.7216796875 0.24658203125 0.708984375 0.277099609375
0 0.802734375 0.814208984375 0.80078125 0.863037109375 0.8134765625 0.87890625 0.8359375 0.877685546875 0.876953125 0.814208984375 0.8583984375 0.77880859375 0.8154296875 0.78857421875 0.802734375 0.814208984375
0 0.1689453125 0.09765625 0.1103515625 0.05859375 0.0302734375 0.08056640625 0.017578125 0.123291015625 0.0322265625 0.1416015625 0.0498046875 0.15380859375 0.1064453125 0.1416015625 0.123046875 0.159912109375 0.138671875 0.279541015625 0.119140625 0.340576171875 0.1435546875 0.37109375 0.177734375 0.377197265625 0.19921875 0.360107421875 0.21484375 0.316162109375 0.197265625 0.135498046875 0.1689453125 0.09765625
0 0.0009765625 0.19287109375 0 0.296630859375 0.02734375 0.303955078125 0.046875 0.286865234375 0.060546875 0.218505859375 0.0419921875 0.1953125 0.0009765625 0.19287109375
0 0.6015625 0.960693359375 0.6162109375 0.99609375 0.69140625 0.994873046875 0.6953125 0.948486328125 0.6650390625 0.92041015625 0.6259765625 0.92529296875 0.6015625 0.960693359375
0 0.658203125 0.006103515625 0.7109375 0.047607421875 0.70703125 0.081787109375 0.7216796875 0.10009765625 0.740234375 0.101318359375 0.74609375 0.067138671875 0.794921875 0.030517578125 0.7958984375 0 0.658203125 0.006103515625
0 1 0.870361328125 0.9892578125 0.87646484375 0.9619140625 0.8447265625 0.9287109375 0.8544921875 0.908203125 0.885009765625 0.916015625 0.921630859375 1 0.960693359375 1 0.870361328125
0 0.7216796875 0.8837890625 0.71875 0.938720703125 0.751953125 0.965576171875 0.751953125 0.992431640625 0.80859375 0.994873046875 0.81640625 0.977783203125 0.796875 0.943603515625 0.78125 0.865478515625 0.7216796875 0.8837890625
0 0.8408203125 0.13671875 0.8251953125 0.13916015625 0.814453125 0.179443359375 0.83984375 0.196533203125 0.84375 0.257568359375 0.8984375 0.274658203125 0.9296875 0.238037109375 0.921875 0.201416015625 0.8583984375 0.166015625 0.8408203125 0.13671875
0 0.720703125 0.516357421875 0.6904296875 0.49072265625 0.6572265625 0.49072265625 0.642578125 0.557861328125 0.681640625 0.587158203125 0.681640625 0.643310546875 0.712890625 0.667724609375 0.736328125 0.643310546875 0.732421875 0.596923828125 0.71484375 0.574951171875 0.720703125 0.516357421875
0 0.1025390625 0.498046875 0.123046875 0.462646484375 0.12109375 0.423583984375 0.0947265625 0.39306640625 0.0732421875 0.390625 0.05078125 0.411376953125 0.0380859375 0.44921875 0.03125 0.413818359375 0.0009765625 0.3759765625 0.00390625 0.513916015625 0.0263671875 0.50537109375 0.0478515625 0.4638671875 0.0654296875 0.4931640625 0.1025390625 0.498046875
0 0.6630859375 0.3125 0.6298828125 0.3076171875 0.61328125 0.321044921875 0.6279296875 0.38330078125 0.7060546875 0.44921875 0.759765625 0.457763671875 0.779296875 0.423583984375 0.7646484375 0.37841796875 0.7119140625 0.3662109375 0.6630859375 0.3125
0 0.169921875 0.567626953125 0.1318359375 0.517578125 0.095703125 0.550537109375 0.111328125 0.611572265625 0.0859375 0.633544921875 0.078125 0.660400390625 0.08203125 0.714111328125 0.1015625 0.738525390625 0.14453125 0.721435546875 0.15625 0.648193359375 0.17578125 0.609130859375 0.169921875 0.567626953125
0 0.96875 0.499267578125 0.974609375 0.574951171875 0.9462890625 0.5859375 0.890625 0.679931640625 0.93359375 0.753173828125 0.95703125 0.762939453125 0.9609375 0.682373046875 1 0.648193359375 0.9990234375 0.45654296875 0.96875 0.499267578125
0 0.6328125 0.079345703125 0.607421875 0.025634765625 0.5615234375 0.00244140625 0.541015625 0.028076171875 0.578125 0.098876953125 0.5625 0.152587890625 0.564453125 0.198974609375 0.591796875 0.218505859375 0.6376953125 0.205078125 0.662109375 0.155029296875 0.63671875 0.123291015625 0.6328125 0.079345703125
0 0.076171875 0.784912109375 0.03125 0.767822265625 0.03125 0.665283203125 0.0009765625 0.66162109375 0 0.828857421875 0.0380859375 0.8984375 0.0615234375 0.89599609375 0.0771484375 0.8544921875 0.06640625 0.902099609375 0.083984375 0.921630859375 0.134765625 0.850830078125 0.1025390625 0.82763671875 0.078125 0.848388671875 0.076171875 0.784912109375
0 0.859375 0.582275390625 0.8828125 0.528564453125 0.873046875 0.487060546875 0.8251953125 0.419921875 0.798828125 0.447998046875 0.818359375 0.472412109375 0.796875 0.516357421875 0.814453125 0.592041015625 0.7939453125 0.60546875 0.7822265625 0.595703125 0.75 0.631103515625 0.767578125 0.697021484375 0.80078125 0.704345703125 0.81640625 0.684814453125 0.81640625 0.645751953125 0.857421875 0.618896484375 0.859375 0.582275390625
0 0.3154296875 0.57861328125 0.3046875 0.552978515625 0.3095703125 0.5322265625 0.3486328125 0.52734375 0.369140625 0.501708984375 0.3505859375 0.4296875 0.3212890625 0.41748046875 0.302734375 0.433349609375 0.3017578125 0.517578125 0.2587890625 0.5078125 0.21875 0.548095703125 0.21875 0.604248046875 0.24609375 0.623779296875 0.380859375 0.601806640625 0.3720703125 0.56640625 0.3564453125 0.55908203125 0.3154296875 0.57861328125
0 0.4404296875 0 0.396484375 0.040283203125 0.396484375 0.067138671875 0.4375 0.137939453125 0.419921875 0.245361328125 0.3623046875 0.2587890625 0.328125 0.299072265625 0.34375 0.364990234375 0.38671875 0.382080078125 0.4248046875 0.33203125 0.4736328125 0.33203125 0.5205078125 0.2783203125 0.548828125 0.277099609375 0.541015625 0.238037109375 0.505859375 0.211181640625 0.501953125 0.159912109375 0.482421875 0.145263671875 0.5078125 0.101318359375 0.482421875 0.054931640625 0.5078125 0.020751953125 0.4990234375 0 0.4404296875 0
0 0 0.572509765625 0.01953125 0.621337890625 0 0.672607421875 0.0234375 0.679931640625 0.03515625 0.718994140625 0.029296875 0.775146484375 0.013671875 0.784912109375 0.0302734375 0.78369140625 0.0361328125 0.8056640625 0.0439453125 0.771484375 0.0498046875 0.8544921875 0.052734375 0.831298828125 0.06640625 0.831298828125 0.05859375 0.875244140625 0.0419921875 0.89599609375 0.015625 0.848388671875 0.037109375 0.841064453125 0.009765625 0.838623046875 0.037109375 0.821533203125 0 0.811767578125 0.0009765625 0.99365234375 1 0.994873046875 0.9990234375 0.0048828125 0.7783203125 0.00244140625 0.7060546875 0.01953125 0.6923828125 0.009765625 0.6884765625 0.02197265625 0.6845703125 0.00732421875 0.6455078125 0.0048828125 0.5537109375 0.01953125 0.5419921875 0.0048828125 0.5087890625 0.0048828125 0.5029296875 0.02197265625 0.4833984375 0.00732421875 0.4541015625 0.01953125 0.4189453125 0.0048828125 0.0888671875 0.0048828125 0.06640625 0.020751953125 0.0712890625 0.04150390625 0.05078125 0.025634765625 0.0625 0.023193359375 0.0595703125 0.00732421875 0 0.010986328125 0 0.491943359375 0.025390625 0.494384765625 0 0.509033203125 0 0.572509765625