0 0.5361328109375 0.216796875 0.5009765609375 0.208984375 0.4501953109375 0.22265625 0.4111328109375 0.2421875 0.376953125 0.2763671890625 0.3671875 0.2998046890625 0.375 0.3447265609375 0.3916015609375 0.359375 0.42578125 0.3642578109375 0.4951171890625 0.337890625 0.544921875 0.2919921890625 0.552734375 0.2509765609375 0.5361328109375 0.216796875
0 0.5341796890625 0.216796875 0.5029296890625 0.208984375 0.4580078109375 0.220703125 0.4072265609375 0.24609375 0.380859375 0.2724609390625 0.3671875 0.3076171890625 0.375 0.3427734390625 0.3955078109375 0.359375 0.4296875 0.3623046890625 0.5029296890625 0.330078125 0.541015625 0.2939453109375 0.55078125 0.2490234390625 0.5341796890625 0.216796875
0 1 0.4931640609375 0.9970703109375 0.400390625 0.98046875 0.4306640609375 0.978515625 0.4619140609375 1 0.4931640609375
0 1 0.8271484390625 0.990234375 0.8232421890625 1 0.8154296890625 0.9951171890625 0.73046875 0.96875 0.7431640609375 0.951171875 0.7958984390625 0.974609375 0.8544921890625 1 0.8759765609375 1 0.8271484390625
0 0 0.9833984390625 0.009765625 0.9833984390625 0.0703125 0.9013671890625 0.068359375 0.8798828109375 0.043945310937499996 0.861328125 0 0.8701171890625 0 0.9833984390625
0 0.9189453109375 0.9296875 0.916015625 0.9658203109375 0.90625 0.9658203109375 0.908203125 0.8662109390625 0.9189453109375 0.92578125 0.9228515609375 0.87890625 0.9345703109375 0.919921875 0.939453125 0.8896484390625 0.947265625 0.8955078109375 0.9501953109375 0.939453125 0.953125 0.9111328109375 0.96484375 0.9033203109375 0.9345703109375 0.85546875 0.8896484390625 0.8515625 0.87109375 0.8857421890625 0.865234375 0.9501953109375 0.8935546890625 1 0.9375 0.9990234390625 0.9345703109375 0.9609375 0.931640625 0.9814453109375 0.921875 0.9814453109375 0.9189453109375 0.9296875
0 0.73828125 0.0576171890625 0.7587890609375 0.083984375 0.791015625 0.09277343906249999 0.8720703109375 0.0390625 0.8984375 0.0009765609375 0.7470703109375 0.00390625 0.73828125 0.0576171890625
0 0.7041015609375 0.859375 0.689453125 0.8818359390625 0.6875 0.9150390609375 0.720703125 0.9814453109375 0.7373046890625 1 0.806640625 0.9990234390625 0.82421875 0.9658203109375 0.80859375 0.9033203109375 0.7529296890625 0.859375 0.7041015609375 0.859375
0 0.4794921890625 0.626953125 0.4404296890625 0.626953125 0.3935546890625 0.654296875 0.375 0.6787109390625 0.373046875 0.7177734390625 0.390625 0.7626953109375 0.423828125 0.7783203109375 0.4638671890625 0.76171875 0.49609375 0.7177734390625 0.50390625 0.6650390609375 0.4794921890625 0.626953125
0 0.5859375 0.3701171890625 0.5478515609375 0.357421875 0.5078125 0.3974609390625 0.490234375 0.4443359390625 0.48828125 0.4892578109375 0.5224609390625 0.529296875 0.560546875 0.5341796890625 0.5791015609375 0.529296875 0.603515625 0.4990234390625 0.609375 0.4365234390625 0.5859375 0.3701171890625
0 0.33984375 0.3134765609375 0.2978515609375 0.294921875 0.255859375 0.3232421890625 0.236328125 0.3818359390625 0.265625 0.4775390609375 0.2822265609375 0.49609375 0.310546875 0.5009765609375 0.3330078109375 0.494140625 0.357421875 0.4638671890625 0.359375 0.3974609390625 0.33984375 0.3134765609375
0 0.900390625 0.3818359390625 0.8759765609375 0.361328125 0.8564453109375 0.361328125 0.7890625 0.4248046890625 0.78125 0.4814453109375 0.8154296890625 0.529296875 0.8447265609375 0.544921875 0.890625 0.5458984390625 0.919921875 0.5244140609375 0.927734375 0.4990234390625 0.921875 0.4267578109375 0.900390625 0.3818359390625
0 0 0.3935546890625 0.0234375 0.3974609390625 0.09277343906249999 0.376953125 0.140625 0.3310546890625 0.16015625 0.2509765609375 0.1396484390625 0.220703125 0.06738281093750001 0.197265625 0.0283203109375 0.208984375 0 0.2314453109375 0 0.3935546890625
0 0.595703125 0.8564453109375 0.625 0.8212890609375 0.640625 0.7548828109375 0.6328125 0.7216796890625 0.6064453109375 0.70703125 0.5693359390625 0.71875 0.55078125 0.7392578109375 0.513671875 0.8232421890625 0.515625 0.8759765609375 0.533203125 0.9013671890625 0.5 0.9404296890625 0.5 0.9755859390625 0.5224609390625 0.99609375 0.55859375 0.9990234390625 0.6142578109375 0.96875 0.66015625 0.9033203109375 0.6474609390625 0.8671875 0.595703125 0.8564453109375
0 0.9072265609375 0.685546875 0.8837890609375 0.673828125 0.7998046890625 0.681640625 0.7373046890625 0.671875 0.693359375 0.6962890609375 0.67578125 0.7451171890625 0.693359375 0.7939453109375 0.7431640609375 0.826171875 0.798828125 0.8271484390625 0.8740234390625 0.8125 0.91796875 0.7783203109375 0.931640625 0.7275390609375 0.9072265609375 0.685546875
0 0.19921875 0.6923828109375 0.16015625 0.6435546890625 0.1865234390625 0.634765625 0.220703125 0.5830078109375 0.21484375 0.5341796890625 0.2001953109375 0.515625 0.1611328109375 0.5 0.11230468906249999 0.509765625 0.068359375 0.5634765609375 0.060546875 0.5908203109375 0.08105468906249999 0.625 0.1328125 0.6435546890625 0.078125 0.6826171890625 0.068359375 0.7099609390625 0.068359375 0.7392578109375 0.095703125 0.8095703109375 0.125 0.8193359390625 0.150390625 0.7802734390625 0.1845703109375 0.76171875 0.201171875 0.7373046890625 0.19921875 0.6923828109375
0 1 0.9990234390625 0.9990234390625 0 0 0.0009765609375 0.0009765609375 1 1 0.9990234390625