0 0 0.618896484375 0.0546875 0.623779296875 0.1103515625 0.6005859375 0.150390625 0.562744140625 0.15625 0.523681640625 0.1376953125 0.48095703125 0.0947265625 0.47607421875 0 0.555419921875 0 0.618896484375
0 0 0.614013671875 0.048828125 0.621337890625 0.1044921875 0.6005859375 0.146484375 0.562744140625 0.154296875 0.518798828125 0.1376953125 0.4833984375 0.0927734375 0.478515625 0 0.557861328125 0 0.614013671875
0 0.2666015625 0.99365234375 0.330078125 0.992431640625 0.3154296875 0.96923828125 0.2822265625 0.95458984375 0.255859375 0.963134765625 0.2666015625 0.99365234375
0 0.5751953125 0.99365234375 0.69921875 0.992431640625 0.6396484375 0.9521484375 0.5927734375 0.93994140625 0.564453125 0.972900390625 0.5751953125 0.99365234375
0 0 0.985107421875 0.06640625 0.994873046875 0.0859375 0.909423828125 0.0615234375 0.87890625 0.0009765625 0.8544921875 0 0.985107421875
0 0.1162109375 0.2880859375 0.0595703125 0.2978515625 0.0341796875 0.3173828125 0 0.306396484375 0.0087890625 0.3662109375 0.0361328125 0.361328125 0.0986328125 0.400390625 0.16796875 0.413818359375 0.1982421875 0.4052734375 0.20703125 0.369873046875 0.1669921875 0.3076171875 0.1162109375 0.2880859375
0 0.4150390625 0.54931640625 0.3173828125 0.54931640625 0.2890625 0.572509765625 0.275390625 0.621337890625 0.2841796875 0.64697265625 0.3173828125 0.6689453125 0.390625 0.679931640625 0.4248046875 0.6689453125 0.435546875 0.640869140625 0.4375 0.584716796875 0.4150390625 0.54931640625
0 1 0.157470703125 0.9443359375 0.13916015625 0.8798828125 0.15625 0.8671875 0.196533203125 0.89453125 0.267333984375 0.9384765625 0.31005859375 1 0.323486328125 1 0.157470703125
0 0.537109375 0.806884765625 0.5185546875 0.7421875 0.4580078125 0.72021484375 0.3564453125 0.72265625 0.265625 0.787353515625 0.25390625 0.845947265625 0.2822265625 0.9033203125 0.3447265625 0.9326171875 0.39453125 0.936279296875 0.4345703125 0.927734375 0.4658203125 0.89599609375 0.515625 0.877685546875 0.537109375 0.806884765625
0 1 0.589599609375 0.9423828125 0.58349609375 0.9375 0.531005859375 0.9189453125 0.51025390625 0.8603515625 0.51025390625 0.7216796875 0.546875 0.6748046875 0.60302734375 0.5478515625 0.625 0.51953125 0.648193359375 0.521484375 0.679931640625 0.5615234375 0.72021484375 0.6650390625 0.73486328125 0.673828125 0.784912109375 0.6962890625 0.8154296875 0.7392578125 0.83740234375 0.80078125 0.841064453125 0.8447265625 0.8349609375 0.9169921875 0.78369140625 0.935546875 0.753173828125 0.93359375 0.709228515625 0.9443359375 0.693359375 1 0.694580078125 1 0.589599609375
0 0.6884765625 0.44921875 0.7333984375 0.44677734375 0.7958984375 0.41015625 0.810546875 0.377197265625 0.748046875 0.316162109375 0.8388671875 0.302734375 0.8515625 0.255126953125 0.837890625 0.208740234375 0.7978515625 0.1611328125 0.6552734375 0.15625 0.6259765625 0.21484375 0.5869140625 0.22216796875 0.5263671875 0.2734375 0.4990234375 0.33203125 0.4794921875 0.33203125 0.4150390625 0.2587890625 0.3603515625 0.25146484375 0.3115234375 0.2880859375 0.2451171875 0.31005859375 0.2265625 0.340576171875 0.236328125 0.384521484375 0.2841796875 0.45166015625 0.3525390625 0.45166015625 0.3876953125 0.4345703125 0.4287109375 0.46875 0.521484375 0.469970703125 0.5908203125 0.44921875 0.6279296875 0.40771484375 0.6552734375 0.41259765625 0.6884765625 0.44921875
0 0 0.958251953125 0.013671875 0.960693359375 0 0.968017578125 0.0009765625 0.986328125 0.0576171875 0.99365234375 0.0693359375 0.94482421875 0.07421875 0.992431640625 0.0966796875 0.99609375 1 0.994873046875 0.9990234375 0.0048828125 0 0.006103515625 0 0.958251953125