0 0.2529296875 0.19287109375 0.232421875 0.272216796875 0.2509765625 0.31005859375 0.263671875 0.308837890625 0.279296875 0.286865234375 0.283203125 0.240478515625 0.271484375 0.206298828125 0.2529296875 0.19287109375
0 0.232421875 0.269775390625 0.240234375 0.296630859375 0.26171875 0.308837890625 0.279296875 0.281982421875 0.283203125 0.245361328125 0.2568359375 0.1904296875 0.232421875 0.269775390625
0 0.81640625 0.023193359375 0.837890625 0.006103515625 0.8056640625 0 0.80078125 0.018310546875 0.81640625 0.023193359375
0 0.9169921875 0.546875 0.890625 0.592041015625 0.8837890625 0.63232421875 0.8310546875 0.60302734375 0.80078125 0.648193359375 0.783203125 0.709228515625 0.78515625 0.733642578125 0.802734375 0.738525390625 0.9619140625 0.57373046875 0.96484375 0.550537109375 0.9423828125 0.537109375 0.9169921875 0.546875
0 0.85546875 0.574951171875 0.8916015625 0.5078125 0.845703125 0.552978515625 0.84375 0.574951171875 0.85546875 0.574951171875
0 0.1220703125 0.95458984375 0.1484375 0.955810546875 0.162109375 0.941162109375 0.1513671875 0.92529296875 0.119140625 0.936279296875 0.1220703125 0.95458984375
0 0.158203125 0.089111328125 0.173828125 0.091552734375 0.20703125 0.054931640625 0.2060546875 0.03662109375 0.166015625 0.069580078125 0.158203125 0.089111328125
0 0.328125 0.535888671875 0.33984375 0.540771484375 0.34375 0.496826171875 0.3251953125 0.4736328125 0.31640625 0.489501953125 0.328125 0.535888671875
0 0.01171875 0.294189453125 0.033203125 0.264892578125 0.0009765625 0.23681640625 0 0.294189453125 0.01171875 0.294189453125
0 0.833984375 0.206298828125 0.873046875 0.155029296875 0.8720703125 0.126953125 0.83203125 0.164794921875 0.833984375 0.206298828125
0 0.3125 0.975341796875 0.322265625 0.926513671875 0.2939453125 0.90087890625 0.28515625 0.953369140625 0.3125 0.975341796875
0 0.73828125 0.582275390625 0.7451171875 0.60302734375 0.765625 0.606689453125 0.78515625 0.574951171875 0.7763671875 0.5517578125 0.7509765625 0.55908203125 0.73828125 0.582275390625
0 0.005859375 0.101318359375 0.0234375 0.103759765625 0.0546875 0.064697265625 0.0673828125 0.0146484375 0.013671875 0.074462890625 0.005859375 0.101318359375
0 0.58984375 0.953369140625 0.587890625 0.980224609375 0.609375 0.987548828125 0.638671875 0.960693359375 0.6318359375 0.9326171875 0.6064453125 0.9326171875 0.58984375 0.953369140625
0 0.603515625 0.128173828125 0.60546875 0.167236328125 0.654296875 0.123291015625 0.6533203125 0.09033203125 0.6396484375 0.087890625 0.603515625 0.128173828125
0 0.4658203125 0.8837890625 0.439453125 0.899658203125 0.4296875 0.931396484375 0.4375 0.997314453125 0.44921875 0.992431640625 0.4453125 0.970458984375 0.462890625 0.943603515625 0.4658203125 0.8837890625
0 0.6171875 0.816650390625 0.6259765625 0.83984375 0.646484375 0.841064453125 0.67578125 0.811767578125 0.6552734375 0.76171875 0.626953125 0.782470703125 0.6171875 0.816650390625
0 0.5126953125 0.09521484375 0.576171875 0.098876953125 0.587890625 0.074462890625 0.5673828125 0.0537109375 0.49609375 0.064697265625 0.5126953125 0.09521484375
0 0.6796875 0.355224609375 0.673828125 0.382080078125 0.685546875 0.386962890625 0.732421875 0.357666015625 0.7392578125 0.29052734375 0.7197265625 0.29296875 0.6796875 0.355224609375
0 0.4267578125 0.65185546875 0.40625 0.670166015625 0.392578125 0.723876953125 0.412109375 0.731201171875 0.453125 0.699462890625 0.46484375 0.667724609375 0.4580078125 0.654296875 0.4267578125 0.65185546875
0 0.3203125 0.823974609375 0.32421875 0.853271484375 0.34765625 0.865478515625 0.37109375 0.850830078125 0.3603515625 0.75927734375 0.33984375 0.767822265625 0.3203125 0.823974609375
0 0.5029296875 0.72265625 0.484375 0.762939453125 0.548828125 0.814208984375 0.560546875 0.772705078125 0.544921875 0.736083984375 0.5302734375 0.7177734375 0.5029296875 0.72265625
0 0.6044921875 0.41259765625 0.5673828125 0.4248046875 0.546875 0.455322265625 0.56640625 0.499267578125 0.58984375 0.509033203125 0.611328125 0.496826171875 0.625 0.457763671875 0.62109375 0.428466796875 0.6044921875 0.41259765625
0 0.5498046875 0.205078125 0.4970703125 0.2490234375 0.4736328125 0.244140625 0.4375 0.277099609375 0.451171875 0.291748046875 0.5439453125 0.2685546875 0.583984375 0.230712890625 0.591796875 0.198974609375 0.5498046875 0.205078125
0 0.0810546875 0.5078125 0.083984375 0.484619140625 0.0732421875 0.4736328125 0.0009765625 0.4638671875 0.0009765625 0.50537109375 0.078125 0.513916015625 0.078125 0.560302734375 0.115234375 0.611572265625 0.1328125 0.555419921875 0.12890625 0.506591796875 0.1064453125 0.48583984375 0.0810546875 0.5078125
0 1 0.994873046875 0.9990234375 0.0048828125 0 0.006103515625 0.0029296875 0.99609375 1 0.994873046875