0 0.1611328125 0.38818359375 0.134765625 0.411376953125 0.130859375 0.440673828125 0.1494140625 0.46875 0.171875 0.467529296875 0.1953125 0.447998046875 0.197265625 0.418701171875 0.1845703125 0.39306640625 0.1611328125 0.38818359375
0 0.1474609375 0.39794921875 0.130859375 0.426025390625 0.1474609375 0.46630859375 0.16796875 0.467529296875 0.197265625 0.435791015625 0.193359375 0.406494140625 0.1767578125 0.390625 0.1474609375 0.39794921875
0 0.9990234375 0.55908203125 0.986328125 0.609130859375 1 0.628662109375 0.9990234375 0.55908203125
0 0.017578125 0.350341796875 0.0009765625 0.31005859375 0.00390625 0.382080078125 0.017578125 0.350341796875
0 0.6396484375 0.0341796875 0.65625 0.032958984375 0.673828125 0.020751953125 0.6689453125 0 0.626953125 0.003662109375 0.6396484375 0.0341796875
0 0.84765625 0.213623046875 0.84765625 0.242919921875 0.859375 0.252685546875 0.875 0.235595703125 0.8681640625 0.17822265625 0.853515625 0.186767578125 0.84765625 0.213623046875
0 0.673828125 0.413818359375 0.6904296875 0.44677734375 0.705078125 0.445556640625 0.7265625 0.426025390625 0.720703125 0.404052734375 0.6767578125 0.3759765625 0.673828125 0.413818359375
0 0.283203125 0.570068359375 0.271484375 0.604248046875 0.28515625 0.638427734375 0.2998046875 0.60546875 0.341796875 0.589599609375 0.3388671875 0.56884765625 0.283203125 0.570068359375
0 0.9638671875 0.458984375 0.982421875 0.462646484375 1 0.396728515625 0.9658203125 0.380859375 0.94140625 0.426025390625 0.9638671875 0.458984375
0 0.328125 0.035400390625 0.3447265625 0.05859375 0.37890625 0.057373046875 0.390625 0.047607421875 0.3955078125 0.0048828125 0.33203125 0.010986328125 0.328125 0.035400390625
0 0.1806640625 0.99365234375 0.2734375 0.994873046875 0.2509765625 0.95947265625 0.2041015625 0.9521484375 0.177734375 0.972900390625 0.1806640625 0.99365234375
0 1 0.870361328125 0.9892578125 0.869140625 0.95703125 0.904541015625 0.955078125 0.938720703125 1 0.970458984375 1 0.870361328125
0 0.12109375 0.079345703125 0.126953125 0.113525390625 0.16015625 0.130615234375 0.197265625 0.106201171875 0.1748046875 0.04638671875 0.1650390625 0.078125 0.12109375 0.079345703125
0 0.564453125 0.792236328125 0.5830078125 0.8203125 0.603515625 0.823974609375 0.619140625 0.762939453125 0.5830078125 0.73486328125 0.564453125 0.762939453125 0.564453125 0.792236328125
0 0.3271484375 0.9130859375 0.296875 0.933837890625 0.296875 0.953369140625 0.3095703125 0.99365234375 0.33203125 0.994873046875 0.35546875 0.985107421875 0.357421875 0.955810546875 0.345703125 0.924072265625 0.3271484375 0.9130859375
0 0.205078125 0.635986328125 0.205078125 0.662841796875 0.2216796875 0.69091796875 0.248046875 0.697021484375 0.267578125 0.677490234375 0.265625 0.628662109375 0.2216796875 0.615234375 0.205078125 0.635986328125
0 0.1591796875 0.86669921875 0.150390625 0.902099609375 0.1767578125 0.9375 0.1953125 0.938720703125 0.21484375 0.926513671875 0.220703125 0.880126953125 0.1982421875 0.8642578125 0.1591796875 0.86669921875
0 0.4892578125 0.82275390625 0.486328125 0.872802734375 0.533203125 0.887451171875 0.5625 0.865478515625 0.5625 0.821533203125 0.5439453125 0.810546875 0.4892578125 0.82275390625
0 0 0.098876953125 0.0166015625 0.1171875 0.041015625 0.115966796875 0.0625 0.098876953125 0.064453125 0.069580078125 0.05859375 0.040283203125 0.0322265625 0.02197265625 0 0.057373046875 0 0.098876953125
0 0.298828125 0.648193359375 0.3154296875 0.70068359375 0.373046875 0.714111328125 0.373046875 0.655517578125 0.3525390625 0.625 0.3212890625 0.625 0.298828125 0.648193359375
0 0.2841796875 0.71533203125 0.26953125 0.743408203125 0.279296875 0.794677734375 0.306640625 0.802001953125 0.345703125 0.760498046875 0.341796875 0.726318359375 0.3134765625 0.703125 0.2841796875 0.71533203125
0 0.4482421875 0.5322265625 0.421875 0.550537109375 0.421875 0.577392578125 0.46875 0.623779296875 0.4970703125 0.60302734375 0.51171875 0.570068359375 0.4970703125 0.54443359375 0.4482421875 0.5322265625
0 0.5361328125 0.15380859375 0.498046875 0.196533203125 0.498046875 0.252685546875 0.51171875 0.260009765625 0.578125 0.203857421875 0.58203125 0.184326171875 0.5654296875 0.15625 0.5361328125 0.15380859375
0 0 0.533447265625 0.02734375 0.545654296875 0.0859375 0.494384765625 0.0712890625 0.44921875 0.0458984375 0.4443359375 0 0.467529296875 0 0.533447265625
0 0.8720703125 0.44677734375 0.8525390625 0.44921875 0.82421875 0.499267578125 0.8310546875 0.53955078125 0.8671875 0.550537109375 0.890625 0.533447265625 0.908203125 0.494384765625 0.90625 0.472412109375 0.8720703125 0.44677734375
0 0.013671875 0.902099609375 0.0234375 0.963134765625 0.060546875 0.972900390625 0.09375 0.928955078125 0.107421875 0.875244140625 0.0966796875 0.85693359375 0.013671875 0.902099609375
0 0.8154296875 0.29296875 0.8046875 0.321044921875 0.814453125 0.367431640625 0.8349609375 0.390625 0.853515625 0.389404296875 0.890625 0.345458984375 0.87890625 0.294189453125 0.8623046875 0.28076171875 0.8154296875 0.29296875
0 1 0.145263671875 0.9677734375 0.11474609375 0.9423828125 0.1123046875 0.921875 0.135498046875 0.923828125 0.177001953125 0.939453125 0.223388671875 0.962890625 0.230712890625 1 0.191650390625 1 0.145263671875
0 0.36328125 0.772705078125 0.3701171875 0.83740234375 0.3974609375 0.82275390625 0.4228515625 0.85693359375 0.443359375 0.858154296875 0.4609375 0.819091796875 0.4169921875 0.74462890625 0.3955078125 0.74462890625 0.36328125 0.772705078125
0 0.6767578125 0.732421875 0.640625 0.772705078125 0.640625 0.819091796875 0.6552734375 0.83740234375 0.697265625 0.838623046875 0.71875 0.814208984375 0.7265625 0.772705078125 0.7158203125 0.7421875 0.6767578125 0.732421875
0 0.9189453125 0.7275390625 0.8984375 0.753173828125 0.896484375 0.794677734375 0.91015625 0.836181640625 0.94140625 0.853271484375 0.966796875 0.831298828125 0.96875 0.762939453125 0.9501953125 0.72998046875 0.9189453125 0.7275390625
0 0.8759765625 0.56640625 0.859375 0.587158203125 0.861328125 0.635986328125 0.9375 0.665283203125 0.95703125 0.640869140625 0.9375 0.570068359375 0.9189453125 0.556640625 0.8759765625 0.56640625
0 0.125 0.675048828125 0.119140625 0.635986328125 0.1005859375 0.61767578125 0.0625 0.635986328125 0.0615234375 0.693359375 0.0234375 0.699462890625 0.029296875 0.780029296875 0.06640625 0.797119140625 0.078125 0.784912109375 0.076171875 0.704345703125 0.1044921875 0.70556640625 0.125 0.675048828125
0 0.443359375 0.977783203125 0.455078125 0.946044921875 0.4501953125 0.8984375 0.4208984375 0.88134765625 0.392578125 0.899658203125 0.376953125 0.938720703125 0.3857421875 0.9765625 0.4091796875 0.99365234375 0.494140625 0.994873046875 0.505859375 0.960693359375 0.4873046875 0.9375 0.4677734375 0.93994140625 0.443359375 0.977783203125
0 0.71484375 0.628662109375 0.6787109375 0.60791015625 0.6416015625 0.64453125 0.5712890625 0.64453125 0.564453125 0.704345703125 0.5791015625 0.72265625 0.603515625 0.721435546875 0.6474609375 0.68603515625 0.7001953125 0.6787109375 0.71875 0.655517578125 0.71484375 0.628662109375
0 0.2001953125 0.13671875 0.1826171875 0.17333984375 0.130859375 0.206298828125 0.12890625 0.245361328125 0.1591796875 0.27587890625 0.181640625 0.277099609375 0.216796875 0.247802734375 0.234375 0.206298828125 0.2314453125 0.13671875 0.2001953125 0.13671875
0 0.7861328125 0.0048828125 0.767578125 0.032958984375 0.76953125 0.086669921875 0.8154296875 0.146484375 0.841796875 0.150146484375 0.859375 0.137939453125 0.869140625 0.081787109375 0.8173828125 0.00732421875 0.7861328125 0.0048828125
0 0.3828125 0.416259765625 0.3701171875 0.39306640625 0.3369140625 0.38818359375 0.3125 0.421142578125 0.314453125 0.450439453125 0.330078125 0.469970703125 0.314453125 0.518798828125 0.3310546875 0.54443359375 0.375 0.560302734375 0.40625 0.533447265625 0.388671875 0.474853515625 0.365234375 0.460205078125 0.3828125 0.416259765625
0 0.4541015625 0.02197265625 0.4296875 0.050048828125 0.416015625 0.096435546875 0.4404296875 0.146484375 0.46875 0.152587890625 0.5283203125 0.126953125 0.5390625 0.089111328125 0.4970703125 0.0390625 0.4541015625 0.02197265625
0 0.796875 0.179443359375 0.7568359375 0.12451171875 0.732421875 0.150146484375 0.732421875 0.211181640625 0.6982421875 0.21484375 0.671875 0.245361328125 0.689453125 0.303955078125 0.7109375 0.311279296875 0.7587890625 0.28076171875 0.76171875 0.233154296875 0.796875 0.208740234375 0.796875 0.179443359375
0 0.4521484375 0.62255859375 0.3857421875 0.6005859375 0.376953125 0.638427734375 0.396484375 0.697021484375 0.4365234375 0.71533203125 0.447265625 0.753173828125 0.4765625 0.767822265625 0.515625 0.743408203125 0.515625 0.677490234375 0.4716796875 0.67138671875 0.4521484375 0.62255859375
0 0.6943359375 0.92041015625 0.7490234375 0.90087890625 0.755859375 0.875244140625 0.6728515625 0.8642578125 0.6201171875 0.8935546875 0.5498046875 0.89599609375 0.537109375 0.953369140625 0.548828125 0.989990234375 0.568359375 0.994873046875 0.5908203125 0.9912109375 0.6025390625 0.9716796875 0.6591796875 0.9716796875 0.6943359375 0.92041015625
0 0.5625 0.467529296875 0.560546875 0.411376953125 0.546875 0.396728515625 0.59375 0.364990234375 0.595703125 0.321044921875 0.5810546875 0.29296875 0.51953125 0.316162109375 0.513671875 0.352783203125 0.529296875 0.389404296875 0.5009765625 0.43212890625 0.4423828125 0.37109375 0.3984375 0.374755859375 0.392578125 0.406494140625 0.41796875 0.484619140625 0.447265625 0.494384765625 0.4794921875 0.48828125 0.4951171875 0.4638671875 0.5244140625 0.48828125 0.5625 0.467529296875
0 0.6005859375 0.00244140625 0.6015625 0.052490234375 0.6171875 0.059814453125 0.6708984375 0.0537109375 0.681640625 0.032958984375 0.67578125 0.001220703125 0.6005859375 0.00244140625