0 0.115234375 0.1748046875 0.11328125 0.2041015625 0.150390625 0.2333984375 0.20703125 0.1904296875 0.1865234375 0.15625 0.1396484375 0.154296875 0.115234375 0.1748046875
0 0.115234375 0.1748046875 0.12109375 0.2158203125 0.154296875 0.2294921875 0.205078125 0.1943359375 0.1962890625 0.158203125 0.1455078125 0.15234375 0.115234375 0.1748046875
0 0.9111328125 1 0.970703125 0.9990234375 0.96875 0.9775390625 0.9482421875 0.96484375 0.908203125 0.9833984375 0.9111328125 1
0 0.228515625 0.7099609375 0.271484375 0.6435546875 0.2666015625 0.609375 0.236328125 0.6259765625 0.228515625 0.7099609375
0 0.625 0.3369140625 0.625 0.3720703125 0.65234375 0.3876953125 0.673828125 0.3759765625 0.67578125 0.3544921875 0.6416015625 0.328125 0.625 0.3369140625
0 0.6279296875 0.134765625 0.65625 0.1376953125 0.666015625 0.0966796875 0.6318359375 0.078125 0.611328125 0.1044921875 0.6279296875 0.134765625
0 0.0146484375 0.025390625 0.00390625 0.0654296875 0.037109375 0.0791015625 0.05859375 0.0654296875 0.05859375 0.0439453125 0.0400390625 0.025390625 0.0146484375 0.025390625
0 0.6806640625 0.91796875 0.720703125 0.9208984375 0.734375 0.9033203125 0.7275390625 0.876953125 0.673828125 0.8779296875 0.6806640625 0.91796875
0 0.66015625 0.7802734375 0.705078125 0.8056640625 0.728515625 0.7939453125 0.72265625 0.7646484375 0.6708984375 0.75 0.66015625 0.7802734375
0 0.328125 0.0302734375 0.373046875 0.0458984375 0.40234375 0.0263671875 0.400390625 0.0048828125 0.3291015625 0 0.328125 0.0302734375
0 0.1875 0.8095703125 0.2041015625 0.828125 0.23046875 0.8271484375 0.232421875 0.7841796875 0.2060546875 0.75 0.1875 0.7724609375 0.1875 0.8095703125
0 0.171875 0.0322265625 0.1923828125 0.064453125 0.21484375 0.0673828125 0.23046875 0.0576171875 0.22265625 0.0126953125 0.1865234375 0 0.171875 0.0322265625
0 0.59375 0.4716796875 0.59375 0.5107421875 0.619140625 0.5224609375 0.650390625 0.4970703125 0.65234375 0.4697265625 0.6357421875 0.453125 0.59375 0.4716796875
0 0.5966796875 1 0.669921875 0.9990234375 0.66796875 0.9658203125 0.6435546875 0.94140625 0.595703125 0.9658203125 0.5966796875 1
0 0.53125 0.8779296875 0.53125 0.9150390625 0.55859375 0.9208984375 0.595703125 0.8857421875 0.5791015625 0.845703125 0.5498046875 0.8515625 0.53125 0.8779296875
0 0.4072265625 1 0.43359375 0.9990234375 0.4326171875 0.955078125 0.279296875 0.9384765625 0.3603515625 0.96484375 0.4072265625 1
0 0.5791015625 0.65625 0.564453125 0.6728515625 0.56640625 0.7060546875 0.6357421875 0.69921875 0.6484375 0.6748046875 0.6142578125 0.6484375 0.5791015625 0.65625
0 0.876953125 0.0947265625 0.8935546875 0.111328125 0.927734375 0.1123046875 0.9453125 0.0751953125 0.9072265625 0.03515625 0.8837890625 0.037109375 0.876953125 0.0947265625
0 0.6875 0.2353515625 0.68359375 0.2646484375 0.7041015625 0.29296875 0.73046875 0.2958984375 0.765625 0.2763671875 0.76953125 0.2451171875 0.7197265625 0.216796875 0.6875 0.2353515625
0 0.03125 0.6572265625 0.033203125 0.6845703125 0.07421875 0.7021484375 0.125 0.6669921875 0.1044921875 0.625 0.0576171875 0.625 0.03125 0.6572265625
0 0.3271484375 0.3125 0.306640625 0.3388671875 0.3125 0.3876953125 0.345703125 0.4130859375 0.373046875 0.4013671875 0.376953125 0.3603515625 0.3544921875 0.3203125 0.3271484375 0.3125
0 1 0.2666015625 0.9619140625 0.24609375 0.939453125 0.2568359375 0.927734375 0.3017578125 0.9541015625 0.341796875 0.98046875 0.3408203125 1 0.3291015625 1 0.2666015625
0 0.2900390625 0.076171875 0.2578125 0.0927734375 0.24609375 0.1240234375 0.2587890625 0.150390625 0.294921875 0.1669921875 0.328125 0.1513671875 0.33203125 0.1279296875 0.326171875 0.1044921875 0.2900390625 0.076171875
0 0.3603515625 0.736328125 0.345703125 0.7529296875 0.345703125 0.7958984375 0.3603515625 0.814453125 0.39453125 0.8173828125 0.421875 0.8076171875 0.43359375 0.7685546875 0.4091796875 0.736328125 0.3603515625 0.736328125
0 0.8916015625 0.36328125 0.8623046875 0.3671875 0.84375 0.4052734375 0.875 0.4501953125 0.935546875 0.4658203125 0.947265625 0.4521484375 0.923828125 0.4443359375 0.923828125 0.3837890625 0.8916015625 0.36328125
0 0.8291015625 0.685546875 0.798828125 0.7197265625 0.794921875 0.7509765625 0.8154296875 0.77734375 0.84765625 0.7802734375 0.875 0.7666015625 0.884765625 0.7314453125 0.8701171875 0.701171875 0.8291015625 0.685546875
0 0.439453125 0.2236328125 0.4296875 0.2626953125 0.4404296875 0.279296875 0.51953125 0.2802734375 0.541015625 0.2587890625 0.5244140625 0.21875 0.4853515625 0.203125 0.439453125 0.2236328125
0 0.0947265625 0.453125 0.0625 0.4716796875 0.048828125 0.5205078125 0.0654296875 0.548828125 0.099609375 0.5556640625 0.138671875 0.5322265625 0.142578125 0.4970703125 0.1259765625 0.466796875 0.0947265625 0.453125
0 0.7724609375 0.482421875 0.7509765625 0.44921875 0.7216796875 0.455078125 0.705078125 0.5263671875 0.80078125 0.5771484375 0.83203125 0.5595703125 0.830078125 0.4873046875 0.8076171875 0.47265625 0.7724609375 0.482421875
0 0.2158203125 0 0.228515625 0.0517578125 0.2119140625 0.068359375 0.171875 0.0361328125 0.1787109375 0 0 0.0009765625 0.0009765625 0.041015625 0.0380859375 0.0234375 0.060546875 0.0517578125 0.0380859375 0.080078125 0 0.0654296875 0.0009765625 1 0.5966796875 1 0.59765625 0.9658203125 0.6220703125 0.9453125 0.66015625 0.9580078125 0.6669921875 1 0.9130859375 1 0.9287109375 0.96484375 0.9599609375 0.9765625 0.951171875 0.9892578125 0.9658203125 1 1 0.9990234375 1 0.3193359375 0.9599609375 0.33984375 0.9296875 0.3115234375 0.935546875 0.2626953125 0.9560546875 0.248046875 0.9873046875 0.251953125 1 0.2724609375 0.9990234375 0 0.4013671875 0 0.396484375 0.0341796875 0.3662109375 0.046875 0.330078125 0.0341796875 0.3251953125 0 0.2158203125 0